0
4
11
13
18
23
26
30
34
35
42
49
55
60
60
66
73
77
81
86
94
100
103
106
110
112
113
117
119
125
129
132
138
140
144
150
155
159
164
168
172
176
179
186
188
193
196
199
203
205
208
212
216
219
219
221
223
227
232
236
240
246
249
253
256
260
266
270
276
281
284
290
291
291
296
299
303
306
314
317
324
327
333
337
340
343
344
350
357
363
364
368
373
379
388
390
393
397
399
401
407
413
421
425
430
434
441
447
451
454
457
461
467
473
474
478
482
483
485
488
489
492
495
500
504
508
510
514
517
525
533
538
543
545
548
552
556
559
562
564
567
568
573
576
582
586
588
592
595
603
606
611
618
624
631
632
637
640
644
654
657
660
662
667
669
669
671
674
678
680
687
698
700
703
707
708
710
711
713
724
725
733
738
742
748
754
758
761
764
766
770
773
776
778
784
788
795
797
797
805
813
816
819
822
825
828
832
835
839
846
852
855
861
864
868
877
883
886
890
899
906
912
915
917
924
929
931
937
940
941
943
945
949
954
957
962
965
968
970
975
978
983
988
995
999
1006
1008
1010
1013
1019
1023
1028
1033
1035
1037
1043
1047
1051
1052
1058
1060
1061
1066
1069
1078
1083
1085
1089
1092
1096
1097
1102
1103
1109
1113
1120
1123
1128
1132
1132
1138
1143
1149
1155
1161
1162
1164
1164
1165
1167
1171
1176
1180
1185
1190
1197
1201
1205
1212
1217
1220
1227
1230
1234
1238
1241
1247
1250
1253
1257
1259
1261
1262
1269
1274
1277
1284
1289
1293
1297
1302
1308
1311
1315
1319
1322
1326
1328
1334
1337
1340
1343
1348
1352
1353
1356
1362
1366
1370
1373
1380
1384
1390
1398
1401
1404
1407
1413
1420
1427
1433
1433
1438
1440
1449
1455
1459
1461
1463
1467
1477
1480
1484
1485
1488
1491
1497
1499
1502
1504
1512
1513
1516
1520
1523
1527
1534
1538
1545
1546
1550
1556
1561
1564
1571
1574
1578
1581
1584
1589
1594
1601
1604
1606
1607
1613
1617
1620
1622
1627
1630
1634
1637
1640
1647
1653
1658
1659
1665
1670
1672
1677
1682
1688
1694
1694
1701
1711
1713
1718
1719
1726
1731
1736
1741
1744
1749
1755
1758
1763
1766
1768
1771
1774
1777
1779
1783
1790
1794
1798
1805
1807
1809
1813
1817
1824
1829
1834
1837
1844
1848
1851
1853
1858
1862
1866
1869
1873
1875
1879
1883
1888
1891
1900
1904
1910
1913
1916
1920
1923
1928
1933
1936
1940
1948
1951
1958
1963
1968
1971
1974
1975
1979
1981
1986
1991
1996
1999
2003
2006
2015
2019
2027
2028
2033
2033
2037
2038
2041
2043
